38,6
41,2
4294967279,33
4294967279,31
4294967279,516
41,6
28,5
4294967279,30
4294967279,28
4294967279,26
4294967279,25
4294967279,24
38,5
38,4
38,1
41,5
56,6
56,5
41,4
41,1
56,4
28,4
28,1
4294967279,22
4294967279,292
44,4
4294967279,21
4294967279,20
4294967278,371
4294967278,347
4294967278,0
4294967279,88
4294967279,19
4294967279,18
4294967279,17
4294967279,15
4294967279,14
4294967279,13
4294967279,12
4294967279,11
4294967279,10
4294967294,1000
4294967294,424
4294967294,437
4294967279,556
4294967294,107
4294967294,1173
4294967294,53
4294967294,427
4294967294,38
4294967279,300
56,8
4294967279,155
4294967279,154
56,3
56,2
56,1
4294967294,36
4294967294,39
4294967294,42
4294967294,76
4294967294,41
4294967294,995
4294967294,421
4294967294,97
4294967294,417
4294967294,51
4294967294,30
4294967294,1167
4294967294,1166
4294967294,1163
4294967294,1158
4294967294,990
4294967294,988
4294967294,987
4294967294,60
4294967278,370
4294967279,560
4294967294,75
4294967294,18
4294967294,14
4294967294,20
32,4
31,4
4294967294,82
4294967279,298
4294967294,91
4294967294,90
4294967294,87
4294967294,86
4294967294,84
4294967294,392
4294967294,1
4294967279,538
4294967279,557
4294967279,0
4294967294,99
4294967279,144
4294967294,472
4294967279,142
55,7
55,6
55,5
55,4
4294967279,138
55,3
55,2
55,1
4294967279,137
4294967294,8
0,7
4294967294,1001
4294967294,186
4294967294,1175
4294967294,1419
54,6
54,5
54,4
4294967294,5
4294967294,22
4294967294,9
38,3
41,3
48,3
4294967294,1101
4294967294,1095
4294967294,1418
4294967279,283
4294967294,7
4294967279,296
4294967294,474
4294967294,12
4294967294,471
4294967294,1016
25,4
4294967294,1098
4294967278,132
4294967278,131
4294967278,130
4294967278,129
4294967278,128
4294967278,127
4294967278,126
4294967278,125
4294967278,124
4294967278,123
4294967278,122
4294967278,121
4294967278,120
4294967278,119
4294967278,118
4294967278,117
4294967278,116
4294967278,115
4294967278,114
4294967278,113
4294967278,112
4294967278,111
4294967278,110
4294967278,109
4294967278,108
4294967278,107
4294967278,106
4294967278,105
4294967278,104
4294967278,103
4294967278,102
4294967278,101
4294967278,100
4294967278,99
4294967278,98
4294967278,97
4294967278,96
4294967278,95
4294967278,94
4294967278,93
4294967278,92
4294967278,91
4294967278,90
4294967278,89
4294967278,87
4294967278,86
4294967278,85
4294967278,84
4294967278,83
4294967278,82
4294967278,81
4294967278,80
4294967278,79
4294967278,78
4294967278,77
4294967278,76
4294967278,75
4294967278,74
4294967278,73
4294967278,72
4294967278,71
4294967278,70
4294967278,69
4294967278,68
4294967278,67
4294967278,66
4294967278,65
4294967278,64
4294967278,63
4294967278,62
4294967278,61
4294967278,60
4294967278,59
4294967278,58
4294967278,57
4294967278,56
4294967279,70
4294967279,69
4294967279,68
4294967279,63
4294967279,62
4294967279,56
4294967279,55
4294967279,52
4294967279,51
4294967279,46
4294967279,40
4294967279,36
4294967279,35
4294967279,34
4294967279,32
4294967279,29
4294967279,27
4294967279,23
4294967279,16
4294967279,9
4294967279,8
4294967279,7
4294967279,6
4294967279,5
4294967279,4
4294967294,1164
4294967294,1019
4294967294,992
4294967294,989
4294967294,81
4294967294,127
4294967294,126
4294967294,13
4294967294,475
4294967294,50
4294967294,11
4294967294,68
0,5
4294967279,133
4294967279,269
4294967294,46
4294967294,96
4294967294,94
4294967294,93
4294967294,95
4294967294,17
4294967294,67
4294967294,2
4294967294,0
4294967294,25
4294967294,92
4294967294,88
4294967294,85
4294967294,1415
4294967294,83
4294967294,419
4294967294,1174
4294967294,26
4294967294,29
4294967294,1017
4294967294,28
4294967294,27
4294967294,1018
4294967294,52
4294967294,45
4294967294,44
4294967294,1417
4294967294,43
4294967294,40
4294967294,37
4294967294,1420
4294967294,6
4294967279,276
4294967279,263
54,7
54,2
54,1
4294967279,559
4294967293,131
4294967293,130
4294967293,129
4294967293,128
4294967293,127
4294967293,126
4294967293,125
4294967293,124
4294967293,123
4294967293,122
4294967293,121
4294967293,120
4294967293,119
4294967293,118
4294967293,117
4294967293,116
4294967293,115
4294967293,114
4294967293,113
4294967293,112
4294967293,111
4294967293,110
4294967293,109
